1219706687980568769
1219706687980568769
1219706687980568769
1219706687980568769
1219706687980568769
1219706687980568769
1219706687980568769
1219706687980568769
1219706687980568769
1219706687980568769
1219706687980568769
1219706687980568769
1219706687980568769
1219706687980568769
1219706687980568769
1219706687980568769
1219706687980568769
1219706687980568769
1219706687980568769
1219706687980568769
1219706687980568769
1219706687980568769
1219706687980568769
1219706687980568769
1219706687980568769
1219706687980568769
1219706687980568769
1219706687980568769
1219706687980568769
1219706687980568769
1219706687980568769
1219706687980568769
1219706687980568769
1219706687980568769
1219706687980568769
1219706687980568769
1219706687980568769
1219706687980568769
1219706687980568769
1219706687980568769
1219706687980568769
1219706687980568769
1219706687980568769
1219706687980568769
1219706687980568769
1219706687980568769
1219706687980568769
1219706687980568769
1219706687980568769
1219706687980568769
1219706687980568769
1219706687980568769
1219706687980568769
1219706687980568769
1219706687980568769
1219706687980568769
1219706687980568769
1219706687980568769
1219706687980568769
1219706687980568769
1219706687980568769
1219706687980568769
1219706687980568769
1219706687980568769
1219706687980568769
1219706687980568769
1219706687980568769
1219706687980568769
1219706687980568769
1219706687980568769
1219706687980568769
1219706687980568769
1219706687980568769
1219706687980568769
1219706687980568769
927406153078558772
1219706687980568769
927406153078558772
1219706687980568769
927406153078558772
1219706687980568769
927406153078558772
1219706687980568769
927406153078558772
1219706687980568769
927406153078558772
1219706687980568769
927406153078558772
1219706687980568769
927406153078558772
1219706687980568769
927406153078558772
1219706687980568769
927406153078558772
1219706687980568769
927406153078558772
1219706687980568769
